100 210546.000000 
200 1371048.000000 
300 3089630.000000 
400 4954114.000000 
500 3930850.000000 
600 5681918.000000 
700 7643518.000000 
800 10456374.000000 
900 13243238.000000 
1000 16171710.000000 
1100 19954288.000000 
1200 24259696.000000 
1300 28600132.000000 
1400 33580500.000000 
1500 37373516.000000 
1600 42965306.000000 
1700 49090102.000000 
1800 54810614.000000 
1900 61358176.000000 
2000 69329378.000000 
2100 76334892.000000 
2200 83309944.000000 
2300 92228328.000000 
2400 99666130.000000 
2500 107865122.000000 
2600 118865728.000000 
2700 128534622.000000 
2800 138295210.000000 
2900 145868240.000000 
3000 156899936.000000 
3100 167895914.000000 
3200 179137918.000000 
3300 190965088.000000 
3400 202136050.000000 
3500 215292126.000000 
3600 227849116.000000 
3700 239763602.000000 
3800 254653730.000000 
3900 268281872.000000 
4000 281670230.000000 
4100 296138034.000000 
4200 314583610.000000 
4300 328409596.000000 
4400 346701368.000000 
4500 358125386.000000 
4600 375908092.000000 
4700 392535166.000000 
4800 410194662.000000 
4900 424618332.000000 
5000 441558866.000000 
5100 462581832.000000 
5200 480275130.000000 
5300 499374354.000000 
5400 519364880.000000 
5500 539531024.000000 
5600 557888682.000000 
5700 576770900.000000 
5800 599808198.000000 
5900 620369228.000000 
6000 643650846.000000 
6100 667219334.000000 
6200 688713640.000000 
6300 710216424.000000 
6400 729133826.000000 
6500 754946470.000000 
6600 776719526.000000 
6700 804261650.000000 
6800 828057502.000000 
6900 852872214.000000 
7000 876718194.000000 
7100 907225850.000000 
7200 925737486.000000 
7300 954946580.000000 
7400 978470494.000000 
7500 1008738750.000000 
7600 1035108642.000000 
7700 1062835604.000000 
7800 1092011674.000000 
7900 1120480108.000000 
8000 1150902704.000000 
8100 1176744684.000000 
8200 1204733272.000000 
8300 1230866226.000000 
8400 1262225564.000000 
8500 1299101766.000000 
8600 1321056744.000000 
8700 1353834012.000000 
8800 1389690444.000000 
8900 1415801360.000000 
9000 1451480692.000000 
9100 1488075386.000000 
9200 1527190588.000000 
9300 1558200508.000000 
9400 1586934250.000000 
9500 1619154356.000000 
9600 1657725346.000000 
9700 1689323148.000000 
9800 1725841726.000000 
9900 1759108062.000000 
10000 1798680036.000000 
