100 755402.000000 
200 2777668.000000 
300 6256734.000000 
400 5156386.000000 
500 7997712.000000 
600 11370288.000000 
700 14677820.000000 
800 20385636.000000 
900 25602672.000000 
1000 31443464.000000 
1100 37709694.000000 
1200 56351726.000000 
1300 70949238.000000 
1400 82506100.000000 
1500 87636374.000000 
1600 108013834.000000 
1700 122946978.000000 
1800 137564478.000000 
1900 153446794.000000 
2000 156505386.000000 
2100 182760190.000000 
2200 202046296.000000 
2300 225553776.000000 
2400 242205426.000000 
2500 262973098.000000 
2600 282537154.000000 
2700 308239206.000000 
2800 328146888.000000 
2900 355438766.000000 
3000 362085532.000000 
3100 393965380.000000 
3200 434890770.000000 
3300 458217298.000000 
3400 481006114.000000 
3500 517595606.000000 
3600 539626668.000000 
3700 568097530.000000 
3800 590135934.000000 
3900 645684192.000000 
4000 681768262.000000 
4100 716429126.000000 
4200 733588950.000000 
4300 761438546.000000 
4400 813276990.000000 
4500 833758992.000000 
4600 904986516.000000 
4700 942697776.000000 
4800 967176156.000000 
4900 1026181318.000000 
5000 1071624254.000000 
5100 1114450600.000000 
5200 1163617790.000000 
5300 1190231442.000000 
5400 1230326384.000000 
5500 1275175426.000000 
5600 1328824718.000000 
5700 1389702424.000000 
5800 1446034996.000000 
5900 1498853174.000000 
6000 1555735528.000000 
6100 1607218566.000000 
6200 1660153486.000000 
6300 1688132070.000000 
6400 1741899192.000000 
6500 1793571458.000000 
6600 1885542966.000000 
6700 1948022538.000000 
6800 1997845932.000000 
6900 2058345884.000000 
7000 2129888382.000000 
7100 2185602616.000000 
7200 2217917344.000000 
7300 2287357770.000000 
7400 2373478818.000000 
7500 2451416926.000000 
7600 2515477862.000000 
7700 2580388232.000000 
7800 2655855350.000000 
7900 2721373450.000000 
8000 2792389768.000000 
8100 2821261610.000000 
8200 2902195306.000000 
8300 2988554466.000000 
8400 3076957704.000000 
8500 3155630270.000000 
8600 3241653884.000000 
8700 3297609584.000000 
8800 3341135024.000000 
8900 3476417122.000000 
9000 3526258438.000000 
9100 3634912058.000000 
9200 3722896662.000000 
9300 3776685638.000000 
9400 3851671864.000000 
9500 3973681278.000000 
9600 4007480474.000000 
9700 4132083966.000000 
9800 4183780506.000000 
9900 4311768190.000000 
10000 4411801772.000000 
