100 672762.000000 
200 2944936.000000 
300 6191768.000000 
400 6084262.000000 
500 8482134.000000 
600 12022636.000000 
700 16965442.000000 
800 22310630.000000 
900 26754336.000000 
1000 33598448.000000 
1100 41004856.000000 
1200 49970442.000000 
1300 56991982.000000 
1400 68729576.000000 
1500 77762400.000000 
1600 87536938.000000 
1700 99691022.000000 
1800 110540136.000000 
1900 123243512.000000 
2000 139679938.000000 
2100 154048272.000000 
2200 169794988.000000 
2300 183420984.000000 
2400 202232282.000000 
2500 218545632.000000 
2600 236911816.000000 
2700 256918156.000000 
2800 276573350.000000 
2900 294075022.000000 
3000 314699404.000000 
3100 339807908.000000 
3200 361916628.000000 
3300 383107956.000000 
3400 411801476.000000 
3500 434703562.000000 
3600 460213058.000000 
3700 487157250.000000 
3800 514867780.000000 
3900 538916160.000000 
4000 570509912.000000 
4100 601480770.000000 
4200 629648390.000000 
4300 664054928.000000 
4400 699225060.000000 
4500 724793356.000000 
4600 763354346.000000 
4700 795410388.000000 
4800 835848362.000000 
4900 864825828.000000 
5000 904216786.000000 
5100 941772444.000000 
5200 983769386.000000 
5300 1016908360.000000 
5400 1056985186.000000 
5500 1096148692.000000 
5600 1140001906.000000 
5700 1192187292.000000 
5800 1230217860.000000 
5900 1274967774.000000 
6000 1314240164.000000 
6100 1361320090.000000 
6200 1407417194.000000 
6300 1450902776.000000 
6400 1502831054.000000 
6500 1551206384.000000 
6600 1600562194.000000 
6700 1649608236.000000 
6800 1705571410.000000 
6900 1753911854.000000 
7000 1807750330.000000 
7100 1858831644.000000 
7200 1905966280.000000 
7300 1966980420.000000 
7400 2023033428.000000 
7500 2081485788.000000 
7600 2143929410.000000 
7700 2198274232.000000 
7800 2252340612.000000 
7900 2316809482.000000 
8000 2379481730.000000 
8100 2443737634.000000 
8200 2505299858.000000 
8300 2562861734.000000 
8400 2624653930.000000 
8500 2693808248.000000 
8600 2755878122.000000 
8700 2824458402.000000 
8800 2896088510.000000 
8900 2963815392.000000 
9000 3027462728.000000 
9100 3102850746.000000 
9200 3173276290.000000 
9300 3240824358.000000 
9400 3320036184.000000 
9500 3391699988.000000 
9600 3462268846.000000 
9700 3529965998.000000 
9800 3609018132.000000 
9900 3694396700.000000 
10000 3763835156.000000 
