100 403742.000000 
200 1720310.000000 
300 4028278.000000 
400 6451666.000000 
500 8472180.000000 
600 12364398.000000 
700 16800330.000000 
800 22247750.000000 
900 27659876.000000 
1000 35044362.000000 
1100 39970682.000000 
1200 51036168.000000 
1300 57310684.000000 
1400 69113896.000000 
1500 78238380.000000 
1600 87505232.000000 
1700 102350506.000000 
1800 113613254.000000 
1900 129168732.000000 
2000 140327854.000000 
2100 155208062.000000 
2200 172115214.000000 
2300 189157036.000000 
2400 205190456.000000 
2500 221324700.000000 
2600 241751662.000000 
2700 255775296.000000 
2800 279152570.000000 
2900 299817070.000000 
3000 321530890.000000 
3100 342672502.000000 
3200 369853680.000000 
3300 393368694.000000 
3400 412954492.000000 
3500 437262512.000000 
3600 464098974.000000 
3700 488627162.000000 
3800 521219838.000000 
3900 548682304.000000 
4000 574198932.000000 
4100 609079412.000000 
4200 642492614.000000 
4300 676410322.000000 
4400 703226320.000000 
4500 737715862.000000 
4600 771912252.000000 
4700 808457426.000000 
4800 843084670.000000 
4900 875080326.000000 
5000 920064500.000000 
5100 951915842.000000 
5200 991993994.000000 
5300 1031828104.000000 
5400 1070462752.000000 
5500 1105893022.000000 
5600 1153593570.000000 
5700 1204441808.000000 
5800 1246948040.000000 
5900 1291979856.000000 
6000 1335449546.000000 
6100 1383014758.000000 
6200 1427017548.000000 
6300 1469582126.000000 
6400 1514130824.000000 
6500 1566924638.000000 
6600 1616197408.000000 
6700 1669142548.000000 
6800 1719548934.000000 
6900 1775269224.000000 
7000 1831404396.000000 
7100 1882740034.000000 
7200 1939865924.000000 
7300 1999026578.000000 
7400 2057894424.000000 
7500 2113646462.000000 
7600 2170717196.000000 
7700 2228984550.000000 
7800 2295198246.000000 
7900 2344931868.000000 
8000 2406354530.000000 
8100 2466489442.000000 
8200 2533223546.000000 
8300 2597225222.000000 
8400 2660226042.000000 
8500 2725560004.000000 
8600 2800790636.000000 
8700 2866269758.000000 
8800 2925102526.000000 
8900 3004851272.000000 
9000 3080059984.000000 
9100 3145680114.000000 
9200 3211818158.000000 
9300 3295150392.000000 
9400 3362582726.000000 
9500 3436308236.000000 
9600 3510153476.000000 
9700 3594903920.000000 
9800 3662327770.000000 
9900 3739895900.000000 
10000 3810338872.000000 
