100 183526.000000 
200 1329652.000000 
300 2833980.000000 
400 5014872.000000 
500 3407304.000000 
600 4917536.000000 
700 6312614.000000 
800 8437418.000000 
900 10660388.000000 
1000 13473260.000000 
1100 16290392.000000 
1200 20355274.000000 
1300 23671172.000000 
1400 26401040.000000 
1500 30133770.000000 
1600 34182158.000000 
1700 37666596.000000 
1800 43223102.000000 
1900 49467304.000000 
2000 56313984.000000 
2100 61042128.000000 
2200 66922544.000000 
2300 72633084.000000 
2400 80151898.000000 
2500 84891436.000000 
2600 91279456.000000 
2700 99838174.000000 
2800 106441900.000000 
2900 113317614.000000 
3000 121877094.000000 
3100 130081706.000000 
3200 141448490.000000 
3300 150046908.000000 
3400 158395304.000000 
3500 172412188.000000 
3600 182319564.000000 
3700 189662752.000000 
3800 205947270.000000 
3900 214442500.000000 
4000 225683208.000000 
4100 238650700.000000 
4200 251046656.000000 
4300 261115476.000000 
4400 274115434.000000 
4500 286571056.000000 
4600 301586366.000000 
4700 314384644.000000 
4800 336192222.000000 
4900 356060870.000000 
5000 361829470.000000 
5100 370114126.000000 
5200 388984440.000000 
5300 410515964.000000 
5400 418070232.000000 
5500 438651746.000000 
5600 451579822.000000 
5700 477033414.000000 
5800 492858900.000000 
5900 505532754.000000 
6000 528826412.000000 
6100 550700614.000000 
6200 569207310.000000 
6300 590580460.000000 
6400 609649990.000000 
6500 629867680.000000 
6600 640644416.000000 
6700 667238558.000000 
6800 682373318.000000 
6900 711804560.000000 
7000 734963042.000000 
7100 750845888.000000 
7200 779273086.000000 
7300 797246486.000000 
7400 824193512.000000 
7500 846158080.000000 
7600 871462016.000000 
7700 895515086.000000 
7800 920068238.000000 
7900 954610334.000000 
8000 968696660.000000 
8100 996691404.000000 
8200 1020327802.000000 
8300 1038803234.000000 
8400 1077500198.000000 
8500 1106617090.000000 
8600 1127315896.000000 
8700 1157491966.000000 
8800 1190120824.000000 
8900 1221280434.000000 
9000 1251965920.000000 
9100 1279201238.000000 
9200 1303211230.000000 
9300 1334157770.000000 
9400 1364488604.000000 
9500 1399704672.000000 
9600 1426900924.000000 
9700 1471291686.000000 
9800 1494779160.000000 
9900 1527017614.000000 
10000 1565130382.000000 
