100 319350.000000 
200 1157808.000000 
300 2750390.000000 
400 4802956.000000 
500 4002290.000000 
600 4846994.000000 
700 6401088.000000 
800 8599794.000000 
900 10616268.000000 
1000 13514742.000000 
1100 16453942.000000 
1200 18988830.000000 
1300 22314222.000000 
1400 26561910.000000 
1500 30331114.000000 
1600 34492166.000000 
1700 38479614.000000 
1800 43646318.000000 
1900 49264556.000000 
2000 55597270.000000 
2100 59647516.000000 
2200 64915054.000000 
2300 70156684.000000 
2400 77176014.000000 
2500 84476096.000000 
2600 91206812.000000 
2700 98071616.000000 
2800 104860570.000000 
2900 118268178.000000 
3000 125414694.000000 
3100 132193692.000000 
3200 140285222.000000 
3300 151734880.000000 
3400 159379234.000000 
3500 167486786.000000 
3600 177449456.000000 
3700 189180716.000000 
3800 203509946.000000 
3900 210111006.000000 
4000 231673932.000000 
4100 235032298.000000 
4200 252300354.000000 
4300 263540572.000000 
4400 275138330.000000 
4500 288074084.000000 
4600 299198710.000000 
4700 317802816.000000 
4800 329113116.000000 
4900 340220916.000000 
5000 362415334.000000 
5100 371073320.000000 
5200 388355280.000000 
5300 399801458.000000 
5400 425231550.000000 
5500 436191662.000000 
5600 463808638.000000 
5700 479103942.000000 
5800 494138274.000000 
5900 515045574.000000 
6000 526047444.000000 
6100 545529588.000000 
6200 566125892.000000 
6300 580928250.000000 
6400 601578904.000000 
6500 619731148.000000 
6600 644167612.000000 
6700 665745196.000000 
6800 685126166.000000 
6900 707504690.000000 
7000 736357548.000000 
7100 756037666.000000 
7200 784078578.000000 
7300 796788820.000000 
7400 822436730.000000 
7500 847023160.000000 
7600 873740976.000000 
7700 903814112.000000 
7800 927720216.000000 
7900 948888640.000000 
8000 969004158.000000 
8100 996969578.000000 
8200 1025566890.000000 
8300 1048087886.000000 
8400 1071962270.000000 
8500 1098019442.000000 
8600 1135899502.000000 
8700 1162184714.000000 
8800 1188163722.000000 
8900 1219523360.000000 
9000 1249614776.000000 
9100 1275825298.000000 
9200 1306293696.000000 
9300 1340102334.000000 
9400 1372196386.000000 
9500 1402927950.000000 
9600 1433414654.000000 
9700 1456249484.000000 
9800 1505777754.000000 
9900 1525658608.000000 
10000 1559356792.000000 
