100 310424.000000 
200 1197514.000000 
300 2790082.000000 
400 4606758.000000 
500 3269464.000000 
600 4755980.000000 
700 6376740.000000 
800 8547204.000000 
900 10627336.000000 
1000 13036014.000000 
1100 16384930.000000 
1200 19058198.000000 
1300 22655538.000000 
1400 25903714.000000 
1500 29145946.000000 
1600 34136520.000000 
1700 39161360.000000 
1800 44334834.000000 
1900 49680458.000000 
2000 53679970.000000 
2100 59709912.000000 
2200 64311042.000000 
2300 70591442.000000 
2400 77664182.000000 
2500 84170266.000000 
2600 94663714.000000 
2700 98496102.000000 
2800 106404560.000000 
2900 114410622.000000 
3000 123653624.000000 
3100 131059510.000000 
3200 141294432.000000 
3300 152083354.000000 
3400 159519304.000000 
3500 173119962.000000 
3600 182625434.000000 
3700 194351478.000000 
3800 200145632.000000 
3900 212806494.000000 
4000 228427100.000000 
4100 236314254.000000 
4200 252400048.000000 
4300 257872878.000000 
4400 269184792.000000 
4500 286808788.000000 
4600 298854142.000000 
4700 314291462.000000 
4800 329621958.000000 
4900 339111212.000000 
5000 356577526.000000 
5100 376013374.000000 
5200 391745212.000000 
5300 406176452.000000 
5400 415813248.000000 
5500 432291064.000000 
5600 450471372.000000 
5700 475480690.000000 
5800 494590732.000000 
5900 505764370.000000 
6000 521094978.000000 
6100 551789104.000000 
6200 570827742.000000 
6300 586577306.000000 
6400 602015496.000000 
6500 625939522.000000 
6600 655984816.000000 
6700 663614318.000000 
6800 692560320.000000 
6900 712936386.000000 
7000 737524096.000000 
7100 759413754.000000 
7200 773560936.000000 
7300 797845248.000000 
7400 821912590.000000 
7500 849283288.000000 
7600 874351832.000000 
7700 901588738.000000 
7800 919731146.000000 
7900 939902988.000000 
8000 974049488.000000 
8100 997669158.000000 
8200 1027596432.000000 
8300 1042749958.000000 
8400 1069461282.000000 
8500 1102248596.000000 
8600 1143647804.000000 
8700 1165655248.000000 
8800 1180347448.000000 
8900 1209228118.000000 
9000 1240241368.000000 
9100 1270991026.000000 
9200 1310685976.000000 
9300 1332852188.000000 
9400 1355998832.000000 
9500 1398691516.000000 
9600 1420411808.000000 
9700 1461661756.000000 
9800 1483363610.000000 
9900 1522785172.000000 
10000 1561640694.000000 
